0 0 121f1504-f542-4e85-9996-59f82e4c0076 1
0 0 c9add11d-872a-4ee2-b58f-3175fbd49b56 1
0 0 cdb4ceff-b500-4f92-89ef-ee7f2251987f 1
0 0 0e7871c3-ce1a-4de5-b72f-53c672dae2f7 1
0 0 937774bd-d3a5-4627-b8cb-2819afd819fc 1
0 0 ebec0c5b-6f72-4f3f-9c1e-1a77dd32c8ae 1
0 0 b62a5a43-3949-4381-a1d8-d4cf76cbd8a0 1
0 0 228a3c4f-a2ea-4d33-92ef-8f1afaafd790 1
0 0 db617582-d962-4a38-bbe6-406ce6ed52e0 1
0 0 86b7e03f-6a8c-4015-b833-ca4b07dec06c 1
0 0 c0807632-0907-42ed-bf04-f98a65b1f7d2 1
0 0 a081117c-a2b7-4638-83d8-1bd0da8014ae 1
0 0 a2ea3826-e77c-41bf-923d-f61331f64e4d 1
0 0 8ea2875f-3790-4b0c-a88e-87b671eaa54e 1
0 0 7a3a1ba2-bef6-4b33-b174-d94c9fe8fd55 1
0 0 f995c5a9-1f2f-4b8f-b46f-5fae3caf2342 1
0 0 81a08596-962a-426f-aaf7-d0aefbd7af17 1
0 0 1d85e8e9-22f2-402d-a226-6583a37f1427 1
0 0 1c020b70-eb34-489c-a7f0-3fb2833a8436 1
