0 0 fd99f570-7a3e-4f2f-a35e-00f860836320 1
0 0 85a5a2bd-0a76-4b26-9de4-68c951a712c0 1
0 0 7dbba32a-1308-4d97-902d-8fee526192ae 1
0 0 35ef8cb5-c6fc-4b5b-ac9e-4068c7d0d508 1
0 0 029fe4d5-20ee-4313-b9e8-cb8e22c3d95e 1
0 0 b00c2e33-7e25-44e0-92c9-12eb345f3eba 1
0 0 27edfb34-97a0-43db-9dad-88d8e27d5b74 1
0 0 d9d07a24-d9b3-4b4a-82f6-26e5086f0928 1
0 0 980dfbd7-1bd0-4ea3-a27b-11d07233a658 1
0 0 568bba9f-fabb-426e-8576-2d73528925d7 1
0 0 8fa89c82-2c9d-47a9-8cb5-58cf07c067c3 1
0 0 395ae71b-fbd4-41b3-a4ac-91a1ceb30f3f 1
0 0 8cafe0c0-893e-49e4-ba8d-e619d8af3218 1
