0 0 18ec8a8b-9c6d-4cf7-ad95-3fd1787e0e03 1
0 0 0a2d9faf-76b3-4994-ab4d-e93d8006f82c 1
0 0 bf774863-f29c-4826-a140-7967e40dce53 1
0 0 d25fd6f1-f44d-470a-998c-4848aa55a74b 1
0 0 15141295-e825-4f5d-966d-fca6cc1a12fc 1
0 0 c55443a3-8ba7-4cb6-8ff5-06d7a9422b2f 1
0 0 6ae923db-3c8e-40c6-802f-5954e995f930 1
0 0 77a5cd98-9097-45bd-ab33-cc54ce61c0fc 1
0 0 a320d7a8-9378-4fc3-9c42-47d9e96922e7 1
0 0 9d1af052-e85c-47e2-b786-c446841d21bc 1
0 0 a26f6983-208e-4e6a-8ce6-5e7e9a587a1a 1
0 0 ca27e02a-01c4-461d-bd20-475781da2d31 1
0 0 4a4ad652-7225-4d53-a73f-40172712f13f 1
0 0 7dfa6096-6d58-4c47-9579-983c536bfb34 1
