0 0 e9dcf1aa-3fe4-4153-b279-b31fab02864f 1
0 0 4ccbfe8c-2bd2-4b0a-80c1-a5803e332469 1
0 0 1596fe61-64b4-4a6a-b7da-2c8e55278590 1
0 0 11290197-726d-462e-afa2-d476f4991c0e 1
0 0 a594bf61-a52a-49e2-a9b5-7dca725de506 1
0 0 9afecbd4-b316-4a50-a63e-c601cd1dd824 1
0 0 1e1617ba-bcd2-4a39-8fa9-0f0770da501d 1
0 0 acee3462-c074-43b7-abf7-99b139cf28b2 1
0 0 9da3159c-4c21-484e-bfb9-f0108e00d9ed 1
0 0 d73e6599-870c-4671-b09e-4fde15f7f9b2 1
0 0 8620079a-0f39-4a06-ad0e-3fd89701a6cd 1
0 0 a4f8f696-8e85-482f-ac51-cf897a71aa5a 1
0 0 4c9e042b-61a8-4c68-b63b-592f16b7e577 1
0 0 62d25c77-890e-4b0c-9fa5-db50ea96b0fb 1
0 0 11d0d9aa-8479-4d1f-a6b3-85d72bb8fc31 1
0 0 a7704193-4c77-4289-a459-4ad92f67cac2 1
0 0 d8a44609-225f-4fd4-86a6-057131cc424c 1
0 0 b90b706a-34a3-4649-9208-247052b1aa91 1
0 0 e2dfa392-b2b8-4416-8482-8e6b1bece2ba 1
0 0 3a31db15-2497-461a-83ba-b6d7d401a43b 1
0 0 f74e9e75-23bb-4938-82cc-5ff7a546c520 1
0 0 285f9437-5ec7-4de4-8259-9a2c0d43ce04 1
