0 0 f149ae04-24f5-4a72-a984-80136fcb5987 1
0 0 ae84e295-7ad8-4152-97c2-6f13d277f58a 1
0 0 e0c9529e-8b1d-4e46-ab19-a4dd25507a42 1
0 0 9014b101-71a0-442c-b482-5e89cbf1c258 1
0 0 bceda89c-99fd-4da9-98f5-f5524dd6c1ef 1
0 0 6ba1c254-4b9d-4d9a-b24a-ae363da943c7 1
0 0 5cb990e3-520c-4b9f-ba50-ed7f1b0c6699 1
0 0 acf4ff09-6d9f-4c10-b64b-02ca9a64ab26 1
0 0 70c835a5-6d0a-4f57-b704-b1c1bc612909 1
0 0 5f070ab4-f42f-48bb-be0d-b0d709820382 1
0 0 0e318ba3-18b9-4415-be8c-1fb530ad9162 1
0 0 887c18dd-ff02-4b4a-91ee-2692a745e1e1 1
0 0 2ab14d90-22e9-4a41-a2c0-cfb07741b1aa 1
0 0 7bf0a776-30b9-4651-a4ce-961d1524ec2d 1
0 0 22a411db-ea82-4301-8524-162898ad89e7 1
0 0 1ac68db-1f9e-4405-a6c6-1b67fe0c755a 1
0 0 fdbb10dd-370d-49af-b618-1f8c178c69dc 1
0 0 e51a19e8-bdfd-490c-a4f8-4e929cd5a1b0 1
0 0 8468b93e-aa0f-43e9-81ad-37015b970e1c 1
0 0 cdbe2c3e-aec9-4ba5-8950-1fae180e2857 1
0 0 af9eafd0-bcd5-4112-b8a0-427c5d11f842 1
0 0 91db8041-c42f-4118-8a46-e4a30393f91f 1
0 0 c5efc78f-44a1-433d-8c0c-0c91b6d3840d 1
