0 0 f51ea42d-323d-475d-80a5-d539f6adefa3 1
0 0 46f8e344-5a45-4405-b3ad-28d6e17ac336 1
0 0 074be99e-a4dd-4d6e-83ec-bec128a38ba3 1
0 0 daffff78-7adc-45c3-9d10-508e5ab0e879 1
0 0 c947d9bf-99a7-465c-9ec7-5fbd51eaf2ea 1
0 0 3a35700c-e2f7-4f75-89c0-1da3bed8fbac 1
0 0 d632b55d-c28d-4cdd-bf72-1fe1ef6d1a54 1
0 0 6f5c07b4-18cf-4fa1-b683-5858d8bf5d99 1
0 0 bfbcf448-938c-488e-8f17-37ef79406dc1 1
0 0 510fe47d-6f47-4973-8e53-d2d237d6da44 1
0 0 14444da9-2a95-4284-a082-150e5a46e673 1
0 0 0e397a3e-4b0b-4ce9-a878-510a669bd796 1
0 0 67131e98-492f-4e90-9f87-7eb83205fca1 1
0 0 3679835f-511d-40f6-9cdb-218bd5a91c81 1
0 0 645311ed-f0af-489d-93c7-a7ce96e1d2b0 1
0 0 a1f02ca6-8ec4-4f99-802e-ecf8121f8833 1
0 0 8da9212d-141b-44f1-a8e4-1da359652bf1 1
0 0 6abf524a-798a-414c-a06e-e2611448af6c 1
0 0 29543a24-2426-4b99-8d2c-76ab04194116 1
0 0 9eeada9e-b8fd-4174-a910-d0827bf67498 1
